20
0.00 0.71 1.02 0.71 0.98 1.06 1.15 1.51 0.51 0.86 0.34 1.43 0.92 1.12 1.18 1.45 1.07 0.74 1.33 1.09
0.71 0.00 0.85 0.84 0.84 0.70 1.84 1.20 0.78 1.22 1.05 0.87 1.35 1.34 1.13 1.11 1.34 1.05 1.53 1.41
1.02 0.85 0.00 0.20 1.25 0.74 0.88 0.99 0.50 1.03 0.93 0.92 0.89 1.51 1.56 1.11 1.48 1.80 1.17 0.90
0.71 0.84 0.20 0.00 1.17 0.80 0.99 1.36 0.34 1.19 0.68 0.87 0.97 1.41 1.78 1.33 1.63 1.51 1.15 0.75
0.98 0.84 1.25 1.17 0.00 1.32 1.20 0.76 0.95 0.94 0.87 1.02 1.10 0.64 0.60 1.18 0.93 0.64 0.82 1.12
1.06 0.70 0.74 0.80 1.32 0.00 0.97 1.53 0.88 1.19 1.48 0.66 1.75 1.44 0.87 1.31 1.57 1.16 1.46 1.22
1.15 1.84 0.88 0.99 1.20 0.97 0.00 0.92 0.89 0.68 0.91 1.03 0.74 0.71 0.86 0.88 1.01 1.15 0.60 0.69
1.51 1.20 0.99 1.36 0.76 1.53 0.92 0.00 1.49 0.71 1.03 1.23 0.38 0.63 0.94 0.30 0.70 1.03 0.31 1.27
0.51 0.78 0.50 0.34 0.95 0.88 0.89 1.49 0.00 0.80 0.43 0.97 1.06 1.27 1.35 1.28 1.57 1.31 1.34 0.80
0.86 1.22 1.03 1.19 0.94 1.19 0.68 0.71 0.80 0.00 0.40 1.77 0.78 1.15 0.83 0.74 1.11 0.63 0.63 1.57
0.34 1.05 0.93 0.68 0.87 1.48 0.91 1.03 0.43 0.40 0.00 1.62 0.52 1.00 1.40 0.97 1.19 0.72 0.74 1.13
1.43 0.87 0.92 0.87 1.02 0.66 1.03 1.23 0.97 1.77 1.62 0.00 1.30 0.71 1.04 0.96 1.20 1.47 1.24 0.42
0.92 1.35 0.89 0.97 1.10 1.75 0.74 0.38 1.06 0.78 0.52 1.30 0.00 0.55 1.41 0.42 0.69 1.17 0.42 0.82
1.12 1.34 1.51 1.41 0.64 1.44 0.71 0.63 1.27 1.15 1.00 0.71 0.55 0.00 0.80 0.54 0.72 0.77 0.45 0.69
1.18 1.13 1.56 1.78 0.60 0.87 0.86 0.94 1.35 0.83 1.40 1.04 1.41 0.80 0.00 1.17 0.56 0.61 1.15 1.20
1.45 1.11 1.11 1.33 1.18 1.31 0.88 0.30 1.28 0.74 0.97 0.96 0.42 0.54 1.17 0.00 1.01 1.06 0.39 1.16
1.07 1.34 1.48 1.63 0.93 1.57 1.01 0.70 1.57 1.11 1.19 1.20 0.69 0.72 0.56 1.01 0.00 0.87 1.02 0.75
0.74 1.05 1.80 1.51 0.64 1.16 1.15 1.03 1.31 0.63 0.72 1.47 1.17 0.77 0.61 1.06 0.87 0.00 0.70 1.49
1.33 1.53 1.17 1.15 0.82 1.46 0.60 0.31 1.34 0.63 0.74 1.24 0.42 0.45 1.15 0.39 1.02 0.70 0.00 1.15
1.09 1.41 0.90 0.75 1.12 1.22 0.69 1.27 0.80 1.57 1.13 0.42 0.82 0.69 1.20 1.16 0.75 1.49 1.15 0.00
