32
0 1533 1662 1111 1170 1477 1787 1976 1786 1255 1421 1591 1652 1612 1461 1206 1415 1040 1815 1343 1434 1168 1942 1689 1514 2035 1638 1112 1914 1990 1379 1236 
1533 0 1701 1049 1501 1411 2045 2016 1299 1811 1059 1730 1208 1187 1354 1297 1981 1289 1200 2040 1645 1571 1667 1251 1506 1845 1229 1271 1715 1452 1995 1846 
1662 1701 0 1132 1803 1724 1044 1511 1216 1818 1153 1402 1382 1445 1050 1214 1647 1899 1780 2028 1427 1031 1240 1772 1680 1308 1515 1666 1771 1853 1911 1867 
1111 1049 1132 0 2026 1750 1864 1717 1305 1067 1316 1862 1961 1889 1992 1519 1385 1690 1958 1712 1070 1182 1323 1224 1934 1943 1361 1346 2005 1430 1670 1035 
1170 1501 1803 2026 0 1192 1603 1741 1405 1637 1288 1077 1972 1215 1321 1489 1822 1083 1291 1945 1337 1697 1975 1628 1336 1231 1655 1425 1486 1918 1858 1160 
1477 1411 1724 1750 1192 0 1051 1384 1522 1233 2020 1679 1631 1150 1130 1686 1742 1913 1753 1157 1672 1878 1349 1704 1247 1695 1809 1795 1917 1097 1700 1069 
1787 2045 1044 1864 1603 1051 0 1169 1769 1090 1057 1068 1082 1630 1404 1024 1499 1056 1326 1886 1128 1137 1378 1325 1475 1968 1330 1982 1725 1058 1805 1896 
1976 2016 1511 1717 1741 1384 1169 0 1259 1041 1841 1825 1711 1209 1027 1568 1743 1716 1262 1816 1342 1518 1761 1727 1826 1587 1372 1606 1719 1904 1106 1437 
1786 1299 1216 1305 1405 1522 1769 1259 0 1636 1610 1909 1463 1649 1296 1258 1307 1693 1460 1863 1592 1125 1833 1201 2042 1915 1842 1632 1457 2022 1699 1230 
1255 1811 1818 1067 1637 1233 1090 1041 1636 0 1617 1722 1110 1502 1754 1465 1907 1100 1246 1466 1277 1156 1531 1665 1053 1084 1802 1442 1674 1583 1623 1752 
1421 1059 1153 1316 1288 2020 1057 1841 1610 1617 0 1839 1799 1828 1498 1726 1118 1196 1139 1540 1537 1339 1347 2000 1264 1162 1565 1401 1527 1319 1544 1984 
1591 1730 1402 1862 1077 1679 1068 1825 1909 1722 1839 0 2037 1778 1440 1991 1509 1871 1937 1066 1955 1885 1071 1355 2041 1359 1443 1392 1028 1311 1773 1986 
1652 1208 1382 1961 1972 1631 1082 1711 1463 1110 1799 2037 0 1064 1596 1851 1929 1629 1588 1558 1573 2031 1241 1535 1734 1547 1876 1567 1930 1219 1399 1683 
1612 1187 1445 1889 1215 1150 1630 1209 1649 1502 1828 1778 1064 0 1872 1912 1723 1933 1653 1611 1469 1797 1706 1605 1681 1468 1806 1462 1446 1060 1866 1959 
1461 1354 1050 1992 1321 1130 1404 1027 1296 1754 1498 1440 1596 1872 0 1777 1131 1692 1470 1369 1185 1205 1459 1656 1965 2025 1939 2015 1327 2030 1661 1062 
1206 1297 1214 1519 1489 1686 1024 1568 1258 1465 1726 1991 1851 1912 1777 0 1119 1615 1386 1298 1438 2046 1141 1850 1089 1472 1703 1046 1276 1794 2007 1931 
1415 1981 1647 1385 1822 1742 1499 1743 1307 1907 1118 1509 1929 1723 1131 1119 0 1798 1668 1830 1735 1600 1126 1204 1543 1172 1482 1580 1594 1859 1767 1054 
1040 1289 1899 1690 1083 1913 1056 1716 1693 1100 1196 1871 1629 1933 1692 1615 1798 0 1792 1328 1646 1147 1812 1454 1180 1338 1447 1903 1740 1409 1397 1176 
1815 1200 1780 1958 1291 1753 1326 1262 1460 1246 1139 1937 1588 1653 1470 1386 1668 1792 0 1538 1758 1827 1149 1284 1684 1642 1564 1713 1532 1395 1585 1582 
1343 2040 2028 1712 1945 1157 1886 1816 1863 1466 1540 1066 1558 1611 1369 1298 1830 1328 1538 0 1167 1275 1848 1335 1888 1891 1158 1104 1575 1455 1988 1042 
1434 1645 1427 1070 1337 1672 1128 1342 1592 1277 1537 1955 1573 1469 1185 1438 1735 1646 1758 1167 0 1353 1270 2014 1618 1820 1250 2032 1868 1910 1274 1115 
1168 1571 1031 1182 1697 1878 1137 1518 1125 1156 1339 1885 2031 1797 1205 2046 1600 1147 1827 1275 1353 0 1744 1419 1577 1989 1186 1197 2036 1265 1290 2006 
1942 1667 1240 1323 1975 1349 1378 1761 1833 1531 1347 1071 1241 1706 1459 1141 1126 1812 1149 1848 1270 1744 0 1966 1963 1225 1279 1925 1389 1351 1303 1213 
1689 1251 1772 1224 1628 1704 1325 1727 1201 1665 2000 1355 1535 1605 1656 1850 1204 1454 1284 1335 2014 1419 1966 0 1747 1764 1360 1682 1102 1412 1220 2009 
1514 1506 1680 1934 1336 1247 1475 1826 2042 1053 1264 2041 1734 1681 1965 1089 1543 1180 1684 1888 1618 1577 1963 1747 0 1589 1905 1432 1474 2002 1171 2021 
2035 1845 1308 1943 1231 1695 1968 1587 1915 1084 1162 1359 1547 1468 2025 1472 1172 1338 1642 1891 1820 1989 1225 1764 1589 0 1835 1774 1435 1268 1659 1317 
1638 1229 1515 1361 1655 1809 1330 1372 1842 1802 1565 1443 1876 1806 1939 1703 1482 1447 1564 1158 1250 1186 1279 1360 1905 1835 0 1595 1222 1039 1174 1161 
1112 1271 1666 1346 1425 1795 1982 1606 1632 1442 1401 1392 1567 1462 2015 1046 1580 1903 1713 1104 2032 1197 1925 1682 1432 1774 1595 0 1086 1849 1574 1789 
1914 1715 1771 2005 1486 1917 1725 1719 1457 1674 1527 1028 1930 1446 1327 1276 1594 1740 1532 1575 1868 2036 1389 1102 1474 1435 1222 1086 0 1807 1134 1467 
1990 1452 1853 1430 1918 1097 1058 1904 2022 1583 1319 1311 1219 1060 2030 1794 1859 1409 1395 1455 1910 1265 1351 1412 2002 1268 1039 1849 1807 0 2019 1970 
1379 1995 1911 1670 1858 1700 1805 1106 1699 1623 1544 1773 1399 1866 1661 2007 1767 1397 1585 1988 1274 1290 1303 1220 1171 1659 1174 1574 1134 2019 0 1539 
1236 1846 1867 1035 1160 1069 1896 1437 1230 1752 1984 1986 1683 1959 1062 1931 1054 1176 1582 1042 1115 2006 1213 2009 2021 1317 1161 1789 1467 1970 1539 0 
