25
0 1024 981 718 1175 1203 1207 856 1085 679 798 1198 1157 915 1246 806 716 902 918 649 686 932 775 1067 847 
1024 0 1167 1051 645 1228 1186 687 711 726 750 657 1238 646 802 1073 826 1210 967 1028 1248 774 838 923 1101 
981 1167 0 630 1162 1152 760 928 1005 971 936 973 1230 1044 697 979 1057 691 743 1189 966 1209 783 1183 939 
718 1051 630 0 1102 900 1191 654 1132 703 719 1041 629 715 1206 1158 810 1079 712 803 781 820 968 919 1133 
1175 645 1162 1102 0 890 1208 655 799 861 825 895 1084 896 797 698 1115 1129 879 927 1047 1035 1008 1197 737 
1203 1228 1152 900 890 0 941 888 925 741 1037 1202 1062 705 1187 976 963 833 995 1083 1214 1040 1045 1244 1003 
1207 1186 760 1191 1208 941 0 1145 1236 836 651 980 759 872 761 1166 1054 813 1007 842 722 942 1114 1131 863 
856 687 928 654 655 888 1145 0 664 742 647 1082 1173 865 714 830 924 1013 1153 964 1117 740 766 901 733 
1085 711 1005 1132 799 925 1236 664 0 627 689 1161 869 1220 999 1031 779 1137 1188 990 1146 893 1046 977 764 
679 726 971 703 861 741 836 742 627 0 829 883 1245 940 668 1026 680 772 1243 823 1004 1010 644 1061 818 
798 750 936 719 825 1037 651 647 689 829 0 1018 667 672 1009 801 1226 1072 1127 956 1200 704 713 860 670 
1198 657 973 1041 895 1202 980 1082 1161 883 1018 0 1125 1042 982 868 1058 1112 788 1122 953 1164 794 1023 989 
1157 1238 1230 629 1084 1062 759 1173 869 1245 667 1125 0 1111 1142 949 857 908 1118 1181 1221 1144 1075 1169 994 
915 646 1044 715 896 705 872 865 1220 940 672 1042 1111 0 661 663 1049 933 986 903 1011 1089 1219 1176 1240 
1246 802 697 1206 797 1187 761 714 999 668 1009 982 1142 661 0 822 834 642 633 1001 1154 1143 675 909 1038 
806 1073 979 1158 698 976 1166 830 1031 1026 801 868 949 663 822 0 1180 1097 780 848 1155 1134 1237 894 754 
716 826 1057 810 1115 963 1054 924 779 680 1226 1058 857 1049 834 1180 0 793 1066 837 734 1128 859 991 692 
902 1210 691 1079 1129 833 813 1013 1137 772 1072 1112 908 933 642 1097 793 0 1148 987 921 710 819 815 1019 
918 967 743 712 879 995 1007 1153 1188 1243 1127 788 1118 986 633 780 1066 1148 0 776 1086 877 1065 777 1100 
649 1028 1189 803 927 1083 842 964 990 823 956 1122 1181 903 1001 848 837 987 776 0 662 875 1123 1002 1029 
686 1248 966 781 1047 1214 722 1117 1146 1004 1200 953 1221 1011 1154 1155 734 921 1086 662 0 898 984 701 871 
932 774 1209 820 1035 1040 942 740 893 1010 704 1164 1144 1089 1143 1134 1128 710 877 875 898 0 835 892 800 
775 838 783 968 1008 1045 1114 766 1046 644 713 794 1075 1219 675 1237 859 819 1065 1123 984 835 0 992 1070 
1067 923 1183 919 1197 1244 1131 901 977 1061 860 1023 1169 1176 909 894 991 815 777 1002 701 892 992 0 1225 
847 1101 939 1133 737 1003 863 733 764 818 670 989 994 1240 1038 754 692 1019 1100 1029 871 800 1070 1225 0 
