29
0 6093 8918 8838 6492 6165 5003 5806 8595 1536 5379 3780 2528 7642 4268 6554 3136 6676 6220 4205 1968 2987 9229 4100 6814 2321 3377 7079 1862
6093 0 14081 14001 11655 11328 10166 555 13758 6699 2158 2863 7691 12805 9431 1445 8299 11839 11383 9368 4343 3788 14392 2603 853 5430 8540 12242 5171
8918 14081 0 1158 4400 3705 4373 13794 1177 8066 13367 11768 7236 1618 6506 14542 7622 4042 4406 4913 9956 10975 619 12088 14802 10309 6911 2759 9850
8838 14001 1158 0 4320 3625 4293 13714 1097 7986 13287 11688 7156 1538 6426 14462 7542 3962 4326 4833 9876 10895 1469 12008 14722 10229 6831 2679 9770
6492 11655 4400 4320 0 1647 1947 11368 4077 5640 10941 9342 4810 3124 4080 12116 5196 2158 1980 2487 7530 8549 4711 9662 12376 7883 4485 2561 7424
6165 11328 3705 3625 1647 0 1620 11041 3382 5313 10614 9015 4483 2429 3753 11789 4869 1463 1653 2160 7203 8222 4016 9335 12049 7556 4158 1866 7097
5003 10166 4373 4293 1947 1620 0 9879 4050 4151 9452 7853 3321 3097 2591 10627 3707 2131 1675 998 6041 7060 4684 8173 10887 6394 2996 2534 5935
5806 555 13794 13714 11368 11041 9879 0 13471 6412 1871 2576 7404 12518 9144 1158 8012 11552 11096 9081 4056 3501 14105 2316 1276 5143 8253 11955 4884
8595 13758 1177 1097 4077 3382 4050 13471 0 7743 13044 11445 6913 1295 6183 14219 7299 3719 4083 4590 9633 10652 1488 11765 14479 9986 6588 2436 9527
1536 6699 8066 7986 5640 5313 4151 6412 7743 0 5985 4386 1676 6790 3416 7160 2284 5824 5368 3353 2574 3593 8377 4706 7420 2927 2525 6227 2468
5379 2158 13367 13287 10941 10614 9452 1871 13044 5985 0 2149 6977 12091 8717 2619 7585 11125 10669 8654 3629 3074 13678 1889 2879 4716 7826 11528 4457
3780 2863 11768 11688 9342 9015 7853 2576 11445 4386 2149 0 5378 10492 7118 3324 5986 9526 9070 7055 2030 1475 12079 870 3584 3117 6227 9929 2858
2528 7691 7236 7156 4810 4483 3321 7404 6913 1676 6977 5378 0 5960 2586 8152 1454 4994 4538 2523 3566 4585 7547 5698 8412 3919 1695 5397 3460
7642 12805 1618 1538 3124 2429 3097 12518 1295 6790 12091 10492 5960 0 5230 13266 6346 2766 3130 3637 8680 9699 1929 10812 13526 9033 5635 1483 8574
4268 9431 6506 6426 4080 3753 2591 9144 6183 3416 8717 7118 2586 5230 0 9892 2972 4264 3808 1793 5306 6325 6817 7438 10152 5659 2261 4667 5200
6554 1445 14542 14462 12116 11789 10627 1158 14219 7160 2619 3324 8152 13266 9892 0 8760 12300 11844 9829 4804 4249 14853 3064 2166 5891 9001 12703 5632
3136 8299 7622 7542 5196 4869 3707 8012 7299 2284 7585 5986 1454 6346 2972 8760 0 5380 4924 2909 4174 5193 7933 6306 9020 4527 2081 5783 4068
6676 11839 4042 3962 2158 1463 2131 11552 3719 5824 11125 9526 4994 2766 4264 12300 5380 0 2164 2671 7714 8733 4353 9846 12560 8067 4669 2203 7608
6220 11383 4406 4326 1980 1653 1675 11096 4083 5368 10669 9070 4538 3130 3808 11844 4924 2164 0 2215 7258 8277 4717 9390 12104 7611 4213 2567 7152
4205 9368 4913 4833 2487 2160 998 9081 4590 3353 8654 7055 2523 3637 1793 9829 2909 2671 2215 0 5243 6262 5224 7375 10089 5596 2198 3074 5137
1968 4343 9956 9876 7530 7203 6041 4056 9633 2574 3629 2030 3566 8680 5306 4804 4174 7714 7258 5243 0 1237 10267 2350 5064 1305 4415 8117 1046
2987 3788 10975 10895 8549 8222 7060 3501 10652 3593 3074 1475 4585 9699 6325 4249 5193 8733 8277 6262 1237 0 11286 1795 4509 2324 5434 9136 2065
9229 14392 619 1469 4711 4016 4684 14105 1488 8377 13678 12079 7547 1929 6817 14853 7933 4353 4717 5224 10267 11286 0 12399 15113 10620 7222 3070 10161
4100 2603 12088 12008 9662 9335 8173 2316 11765 4706 1889 870 5698 10812 7438 3064 6306 9846 9390 7375 2350 1795 12399 0 3324 3437 6547 10249 3178
6814 853 14802 14722 12376 12049 10887 1276 14479 7420 2879 3584 8412 13526 10152 2166 9020 12560 12104 10089 5064 4509 15113 3324 0 6151 9261 12963 5892
2321 5430 10309 10229 7883 7556 6394 5143 9986 2927 4716 3117 3919 9033 5659 5891 4527 8067 7611 5596 1305 2324 10620 3437 6151 0 4768 8470 1399
3377 8540 6911 6831 4485 4158 2996 8253 6588 2525 7826 6227 1695 5635 2261 9001 2081 4669 4213 2198 4415 5434 7222 6547 9261 4768 0 5072 4309
7079 12242 2759 2679 2561 1866 2534 11955 2436 6227 11528 9929 5397 1483 4667 12703 5783 2203 2567 3074 8117 9136 3070 10249 12963 8470 5072 0 8011
1862 5171 9850 9770 7424 7097 5935 4884 9527 2468 4457 2858 3460 8574 5200 5632 4068 7608 7152 5137 1046 2065 10161 3178 5892 1399 4309 8011 0
